sigma <- 1
alpha0 <- 6
beta_treat <- 
c(1, 2.5, 0, 0)
beta_flu <- 
c(3, 0, -1, -2.5)
tau <- 
c(1, 1, 1)
Psi <- 
structure(c(1, 0, 0, 0, 1, 0, 0, 0, 1),
.Dim = c(3, 3))
z <- 
structure(c(0.765090138717744, 0.192146050959534, 0.102279272903478,
0.7004033601925, 0.578606253699122, -2.00017219695163, 0.637043158432529,
-0.267110476128686, 0.593668906234467, -0.148603312810018, -0.822534256721384,
-1.06999348346077, 0.460903355470329, -0.936941254462194, -0.0673813391468544,
0.790973215340859, -0.436062729210881, 1.19843731221052, -0.528212469640365,
1.51308141114551, 1.16790676880416, -1.69601861466956, -0.0779325443490195,
1.36413821350279, -0.0846022580782891, 0.155812466594031, 1.32988102586244,
-0.166244702997543, -1.02017055962188, 1.60239646653775, -1.27095316061578,
2.10906309943948, -0.978463943325722, -0.285659550860313, -0.431054503548011,
-0.761506882047161, 0.4729194227563, 1.19299473877868, 0.318163078893183,
1.46522597868153, -0.298123805259528, 0.5324463601773, 1.15024120195675,
-1.27661940498915, -0.116593463146633, -0.972006097221564, -0.0530074064831519,
0.70611345970282, -1.87442831129009, 0.85723779741873, -0.206163876889568,
-0.586180413835764, -1.08166813282948, 1.5174708291934, 0.651434228988032,
-1.71669752710022, -0.317262525180392, 0.496575541029069, -1.68842979269885,
-0.881113937077731, -0.367016443809297, 0.194472047929515, 0.812091269455171,
-0.104267072568367, 0.138131983210992, 0.818646371685706, 1.17136737317786,
-0.550568949633036, 0.0828615794312466, -0.0078034846527439,
-0.211827253989106, 0.154039045430169, -0.457247162628906, -0.333861737360137,
-0.247335213231635, -1.493814012478, 0.774802619065645, -0.0641936201430745,
1.69030056527582, -0.449829702707263, 1.34108479298076, 0.366422199403892,
-1.28802656829104, -0.0292083038013532, 1.22891342794348, -0.245166099751188,
-0.125833571799773, -0.31746001616779, -0.392674065421941, -0.200546688656643,
-1.52427417497818, -0.634767566684628, 0.834583991041815, 1.25331459204642,
-0.00324949707989696, -1.01757176269051, -1.59952471625067, 0.545703689777982,
-0.539165331548771, -0.605034426431213, 0.24518034578468, -0.578715994745446,
0.115300195794423, -0.967254830198851, -0.967352182751959, -0.482576470248937,
-0.595472532299168, 0.620873423967178, -0.709910324399463, -0.36650640638551,
-0.286096099188183, -1.71432365890812, -1.6095677463313, -0.0974356536035217,
-1.50574392308511, 1.26475798498805, -2.14923478344422, 0.286758738412497,
-2.15241478143266, 1.64817244621243, 0.297781711319607, 0.651784545864818,
-0.344265915902527, 0.140048364470734, -0.336857365153421, 0.483078138821939,
-1.68738047731632, -0.575098528287811, 2.64368584081951, 0.0147389772863041,
2.19976869455152, 1.90665730903035, -0.663360855399922, -1.3240219791979,
-0.913067674027041, -1.77238120437343, -0.894865892078648, -1.23088688487974,
2.39790671941539, -1.24193596914303, -0.222716315307771, -0.889626163068842,
0.528041102262986, -0.84020663179624, 0.801059501061327, 1.78113020492206,
-0.348511969166621, -0.992976556095587, 0.468919547545706, 1.23873558558104,
-0.604431258680484, -0.94126935971366, -0.323282582632757, 0.998600420746454,
0.0315511569300914, -1.74949367162818, 1.02754062850153, -0.740484927457119,
0.409228437668454, 0.598475889257585, -0.0562446274061056, -0.461417352675914,
-0.218335197977763, 0.915819613040422, 1.32407077489895, 0.597551341913841,
-0.320856620738369, 0.115878716316067, -0.883712406850533, 0.852616327659579,
-1.46904121692519, -0.307205606947202, -0.4052952001614, -0.391898583516215,
-1.28561497704104, -0.286600399807191, 0.619681913128327, -0.22863364753055,
-0.441435486205693, -1.41006279380517, 1.27192169292454, -0.0163261089634524,
0.0908543612229301, -0.697965805423197, -0.0404675673930411,
-0.00977930258992795, -0.512896583718738, 0.872739979540476, 0.28597615998041,
0.229895709885683, -1.7215039198238, 0.0894589715540478, -0.151275976694095,
0.530839478452788, 1.11485691506892, 0.332851462866712, -1.81578692326699,
1.15042473837953, -1.22960521121098, -0.705290075355212, 0.0885228457380205,
-0.904050157336988, 1.04183474556934, 0.124247727841294, 0.815148850191912,
1.40627472176412, -1.42884728020463, -0.256151063303228, -0.0415308329925722,
0.783721170153328, 0.624644270394513, 0.589957602903177, 0.23602573217337,
0.696658782955013, -0.495408888342896, -0.08823381264156, 0.837464581109435,
1.07457893376629, -0.207704073264417, -0.39003093339782, 1.3792964563785,
0.00321716621638815, -1.43340185163242, -1.3029899370151, 0.259399950090387,
-1.54753306482407, -1.94188363891758, -1.43407237574844, -1.4322512909376,
1.1300820699881, 2.45133765272707, -1.05623940667978, 0.626249601692396,
0.273676467182231, -0.0555276919831089, 0.786472315771333, -0.352977209828867,
-1.22118980056384, -0.534620245113265, 0.111727190826063, 2.00337567744227,
-0.337684990637508, 0.384686782324265, -1.05432214764909, 0.543435659400662,
0.0499977456331276, 0.966553321947057, -0.344860977720185, -0.438805252598599,
0.083212817936689, 0.216689058490116, -0.665640485993329, -0.52868465184127,
-0.980316360607335, 0.541898836686645, -1.28393839855358, 0.552219762475321,
-0.103840386505621, 0.773979940497138, 0.821593933605356, 0.496898583254376,
-0.761578397527359, 0.153685867384918, 0.230708516982712, 0.778173043113023,
0.0137140328111963, -0.879761034432097, -0.295847036436268, -0.177284130881858,
0.429512951608159, 1.66109491910918, -0.325244820738181, -0.0911500928105008,
0.0627825183867417, 0.705398664927206, -2.24843529476902, -2.06813511409945,
2.33355000770458, 0.53678843866727, -0.795773295618506, -2.12629934763489,
-0.345211774486603, -0.0439966586836771, -1.74565971259781, -0.581487800211617,
1.57156075937502, 0.0417946285977594, -1.9261036835652, 0.321318422663935,
1.59250063748282, -1.48836707592426, 0.0507515456201767, 1.67174455857834,
0.795033258882422, 0.929946737735609, -0.404751297942349, -0.058103822180441,
0.735492615855366, -0.119476914644339, 0.108026546369793, -0.75901879664984,
0.286154705877172, -0.203116386481077, -1.14921745376641, 0.441781930389612,
-0.76468796640153, -0.0149069328745109, 0.896095860542392, -0.265713387428587,
-0.038312353134772, 0.00622601214481857, 0.393996004933581, 1.09535711043669,
-1.10376811976453, 0.0262733968759902, 0.475266540272526, 0.366884865690131,
-0.937782272173002, -0.0983376403995871, 1.74653002543507, 0.246395104253846,
0.88122746470853, 0.994725715859569, -0.661564344929708, 1.07556220096036,
0.468543428565045, 0.553331870890883, -0.398808967435994, 1.13008974102674,
0.501824583331343, -1.5774311417523, 0.354371990572534, -0.654584841477648,
0.114726986082826, -1.81389818695151, 2.57195647303634, -0.380133957695548,
0.456795124376475, 0.590438423692689, 0.194693083219114, 0.370766370177462,
-0.990880581011251, 1.02412826696536, 1.11742521383231, 0.0539799995014456,
0.614535597442031, -0.593815260927445, 0.359473577540525, -0.701008539887204,
0.88504137891377, 0.0835501687614645, -0.346088159554355, 2.46367771525428,
0.542967208346459, -1.17525672901502, -0.156647096956867, -0.236984872353901,
-0.424563067593254, 0.342995921278568, -0.234850692201129, -0.0897088979243066,
0.90375566888513, -0.163668637688639, 0.357620492210768, 0.343864682122778,
0.297438272416419, 1.18818530014574, 0.804150377995938, 2.152173554424,
-1.29093944794419, -0.260924886357856, 1.67888278271827, 1.03055669068754,
-0.455450293185631, 0.615582110647391, -1.7443948053408, 0.647025977588448,
0.248670424964277, 0.00766590514823081, -1.90862769414334, 0.539932450118976,
0.0812428440025119, 1.2040128464337, -0.748768726153752, -0.973652310844909,
1.00595495969216, 0.470126229059255, 1.47699433700089, -0.38692701219912,
-1.78597746098793, 0.186717934092189, -0.588098900167426, 0.495607577400121,
0.395349374554383, -1.90586362406977, -0.0342305745034967, 0.380699122723454,
0.986355661429205, -1.19460847282604, -0.39248947042114, 0.30906273001825,
0.0610411847916093, -0.775141826662008, 0.0338443953840649, 1.75904339382388,
